Segment_Index Rep_Level Decision_Point_Of_Time Case DelayCase
            0         0                2.10657    0         0
            1         0                2.48944    0         0
            2         4                2.94832    0         0
            3         3                4.59008    0         0
            4         5                5.34668    0         0
            5         5                7.46572    0         0
            6         3                9.30127    0         0
            7         2                9.68061    0         0
            8         5                9.86888    0         0
            9         4                11.2678    0         0
           10         6                11.9987    0         0
           11         4                15.3934    0         0
           12         4                16.0482    0         0
           13         3                16.6882    0         0
           14         2                16.8835    0         0
           15         4                16.9845    0         0
           16         2                17.7185    0         0
           17         5                17.9148    0         0
           18         6                19.5838    0         0
           19         4                24.5768    0         0
           20         5                25.6008    0         0
           21         3                27.7079    0         0
           22         5                28.4621    0         0
           23         4                30.5525    0         0
           24         5                31.8413    0         0
           25         4                33.9511    0         0
           26         4                35.0575    0         0
           27         4                36.0798    0         0
           28         2                37.0007    0         0
           29         3                37.2751    0         0
           30         2                37.7383    0         0
           31         2                37.9275    0         0
           32         4                38.1221    0         0
           33         0                39.0422    0         0
           34         5                39.1357    0         0
           35         4                40.4386    0         0
           36         4                40.8174    0         0
           37         0                41.3656    0         0
           38         4                41.4598    0         0
           39         2                 41.922    0         0
           40         4                42.1031    0         0
           41         4                42.6572    0         0
           42         4                43.2145    0         0
           43         4                43.7816    0         0
           44         4                44.3313    0         0
           45         4                44.7015    0         0
           46         0                45.0838    0         0
           47         0                45.1769    0         0
           48         3                45.2693    0         0
           49         0                45.5535    0         0
           50         0                45.6456    0         0
           51         0                45.7375    0         0
           52         4                45.8291    0         0
           53         4                46.5773    0         0
           54         4                47.9543    0         0
           55         2                49.1711    0         0
           56         4                49.5543    0         0
           57         3                51.1135    0         0
           58         0                51.7722    0         0
           59         2                 51.868    0         0
           60         2                52.0515    0         0
           61         4                52.3295    0         0
           62         5                53.6307    0         0
           63         4                55.1088    0         0
           64         0                55.8598    0         0
           65         2                 55.955    0         0
           66         4                56.1447    0         0
           67         4                56.6192    0         0
           68         2                56.9849    0         0
           69         4                 57.084    0         0
           70         4                58.1149    0         0
           71         4                59.3083    0         0
           72         0                59.9605    0         0
           73         0                60.0542    0         0
           74         3                 60.147    0         0
           75         0                60.2383    0         0
           76         4                60.3341    0         0
           77         3                61.7107    0         0
           78         4                 62.463    0         0
           79         0                63.8534    0         0
           80         0                63.9537    0         0
           81         4                64.0529    0         0
           82         4                65.1637    0         0
           83         4                66.1888    0         0
           84         0                67.3799    0         0
           85         4                67.4786    0         0
           86         4                68.3222    0         0
           87         4                69.2412    0         0
           88         4                70.1779    0         0
           89         4                71.3882    0         0
           90         0                72.8627    0         0
           91         4                72.9603    0         0
           92         0                74.7142    0         0
           93         4                74.8113    0         0
           94         4                75.7466    0         0
           95         0                77.4116    0         0
           96         0                77.5058    0         0
           97         4                77.6043    0         0
           98         4                79.0678    0         0
           99         4                79.9072    0         0
          100         0                81.0203    0         0
          101         4                81.1172    0         0
          102         0                 82.123    0         0
          103         0                82.2178    0         0
          104         4                 82.312    0         0
          105         2                 82.966    0         0
          106         4                83.1562    0         0
          107         4                84.2659    0         0
          108         3                85.2834    0         0
          109         4                85.7408    0         0
          110         0                86.3079    0         0
          111         0                86.4011    0         0
          112         4                86.4939    0         0
          113         4                86.6903    0         0
          114         4                86.8805    0         0
          115         4                87.0754    0         0
          116         4                87.2697    0         0
          117         0                 87.748    0         0
          118         4                87.8429    0         0
          119         4                88.7786    0         0
          120         4                89.4361    0         0
          121         0                90.4476    0         0
          122         3                90.5431    0         0
          123         4                90.8309    0         0
          124         0                91.1199    0         0
          125         0                91.2186    0         0
          126         0                91.3182    0         0
          127         4                91.4161    0         0
          128         4                92.6064    0         0
          129         4                93.7253    0         0
          130         4                94.6578    0         0
          131         4                 95.479    0         0
          132         4                96.1333    0         0
          133         4                96.9644    0         0
          134         4                97.6158    0         0
          135         4                98.1734    0         0
          136         0                98.8311    0         0
          137         4                98.9249    0         0
