Segment_Index Download_Request_Sent Download_Start Download_End Segment_Size Download_OK
            0               2.10657        2.19889      2.48944         3128           Y
            1               2.48944        2.57987      2.94832        44788           Y
            2               2.94832        3.03875      4.59008      1841772           Y
            3               4.59008        4.68053      5.34668       981130           Y
            4               5.34668        5.43716      7.46572      2826254           Y
            5               7.46572        7.55612      9.30127      2411580           Y
            6               9.30127        9.39178      9.68061       488296           Y
            7               9.68061        9.77114      9.86888       171470           Y
            8               9.86888        9.95934      11.2678      1862256           Y
            9               11.2678        11.3582      11.9987       883384           Y
           10               11.9987        12.0892      15.3934      4561474           Y
           11               15.3934        15.4839      16.0482       830152           Y
           12               16.0482        16.1387      16.6882       765002           Y
           13               16.6882        16.7786      16.8835       218644           Y
           14               16.8835         16.974      16.9845       118826           Y
           15               16.9845        17.0749      17.7185       889364           Y
           16               17.7185         17.809      17.9148       226456           Y
           17               17.9148        18.0052      19.5838      2226064           Y
           18               19.5838        19.6743      24.5768      6714188           Y
           19               24.5768        24.6672      25.6008      1338370           Y
           20               25.6008        25.6912      27.7079      2778562           Y
           21               27.7079        27.7984      28.4621       986196           Y
           22               28.4621        28.5526      30.5525      2744388           Y
           23               30.5525        30.6429      31.8413      1655234           Y
           24               31.8413        31.9318      33.9511      2781476           Y
           25               33.9511        34.0415      35.0575      1401124           Y
           26               35.0575        35.1479      36.0798      1329350           Y
           27               36.0798        36.1703      37.0007      1168552           Y
           28               37.0007        37.0912      37.2751       259990           Y
           29               37.2751        37.3655      37.7383       543780           Y
           30               37.7383        37.8287      37.9275       180962           Y
           31               37.9275        38.0179      38.1221       219144           Y
           32               38.1221        38.2125      39.0422      1161540           Y
           33               39.0422        39.1326      39.1357        17618           Y
           34               39.1357        39.2261      40.4386      1728682           Y
           35               40.4386         40.529      40.8174       490738           Y
           36               40.8174        40.9078      41.3656       634470           Y
           37               41.3656        41.4561      41.4598        23214           Y
           38               41.4598        41.5503       41.922       529286           Y
           39                41.922        42.0124      42.1031       124748           Y
           40               42.1031        42.1936      42.6572       660316           Y
           41               42.6572        42.7476      43.2145       669498           Y
           42               43.2145        43.3049      43.7816       717700           Y
           43               43.7816         43.872      44.3313       643228           Y
           44               44.3313        44.4217      44.7015       384562           Y
           45               44.7015         44.792      45.0838       477904           Y
           46               45.0838        45.1743      45.1769        25212           Y
           47               45.1769        45.2673      45.2693        21066           Y
           48               45.2693        45.3598      45.5535       306064           Y
           49               45.5535         45.644      45.6456        15526           Y
           50               45.6456         45.736      45.7375        14732           Y
           51               45.7375        45.8279      45.8291         4586           Y
           52               45.8291        45.9195      46.5773       958252           Y
           53               46.5773        46.6678      47.9543      1787280           Y
           54               47.9543        48.0447      49.1711      1613708           Y
           55               49.1711        49.2616      49.5543       467468           Y
           56               49.5543        49.6448      51.1135      2015250           Y
           57               51.1135         51.204      51.7722       845636           Y
           58               51.7722        51.8627       51.868        56710           Y
           59                51.868        51.9585      52.0515       139204           Y
           60               52.0515         52.142      52.3295       275762           Y
           61               52.3295        52.4199      53.6307      1711582           Y
           62               53.6307        53.7212      55.1088      1927798           Y
           63               55.1088        55.1992      55.8598       993484           Y
           64               55.8598        55.9503       55.955        49256           Y
           65                55.955        56.0454      56.1447       195054           Y
           66               56.1447        56.2352      56.6192       585962           Y
           67               56.6192        56.7096      56.9849       383728           Y
           68               56.9849        57.0754       57.084        96952           Y
           69                57.084        57.1745      58.1149      1350204           Y
           70               58.1149        58.2054      59.3083      1515590           Y
           71               59.3083        59.3987      59.9605       782468           Y
           72               59.9605        60.0509      60.0542        34858           Y
           73               60.0542        60.1446       60.147        22094           Y
           74                60.147        60.2374      60.2383         9128           Y
           75               60.2383        60.3287      60.3341        54622           Y
           76               60.3341        60.4246      61.7107      1776506           Y
           77               61.7107        61.8012       62.463       988738           Y
           78                62.463        62.5549      63.8534      1814206           Y
           79               63.8534        63.9438      63.9537        82440           Y
           80               63.9537        64.0442      64.0529        78726           Y
           81               64.0529        64.1435      65.1637      1434576           Y
           82               65.1637        65.2541      66.1888      1328280           Y
           83               66.1888        66.2793      67.3799      1515308           Y
           84               67.3799        67.4704      67.4786        90522           Y
           85               67.4786         67.569      68.3222      1102240           Y
           86               68.3222        68.4127      69.2412      1136032           Y
           87               69.2412        69.3316      70.1779      1242512           Y
           88               70.1779        70.2684      71.3882      1601626           Y
           89               71.3882        71.4789      72.8627      1937714           Y
           90               72.8627        72.9531      72.9603        77228           Y
           91               72.9603        73.0507      74.7142      2326452           Y
           92               74.7142        74.8047      74.8113        72644           Y
           93               74.8113        74.9018      75.7466      1235472           Y
           94               75.7466        75.8371      77.4116      2217278           Y
           95               77.4116        77.5022      77.5058        29094           Y
           96               77.5058        77.5963      77.6043        88842           Y
           97               77.6043        77.6949      79.0678      1881846           Y
           98               79.0678        79.1582      79.9072      1075266           Y
           99               79.9072        79.9976      81.0203      1452782           Y
          100               81.0203        81.1107      81.1172        72972           Y
          101               81.1172        81.2076       82.123      1264732           Y
          102                82.123        82.2134      82.2178        45178           Y
          103               82.2178        82.3083       82.312        26312           Y
          104                82.312        82.4025       82.966       821986           Y
          105                82.966        83.0565      83.1562       187834           Y
          106               83.1562        83.2467      84.2659      1432070           Y
          107               84.2659        84.3564      85.2834      1323784           Y
          108               85.2834        85.3739      85.7408       507862           Y
          109               85.7408        85.8312      86.3079       741860           Y
          110               86.3079        86.3984      86.4011        26146           Y
          111               86.4011        86.4915      86.4939        23994           Y
          112               86.4939        86.5844      86.6903       231316           Y
          113               86.6903        86.7808      86.8805       195314           Y
          114               86.8805        86.9709      87.0754       217788           Y
          115               87.0754        87.1659      87.2697       243370           Y
          116               87.2697        87.3602       87.748       609564           Y
          117                87.748        87.8384      87.8429        36298           Y
          118               87.8429        87.9334      88.7786      1241018           Y
          119               88.7786        88.8691      89.4361       849472           Y
          120               89.4361        89.5265      90.4476      1287740           Y
          121               90.4476        90.5381      90.5431        55058           Y
          122               90.5431        90.6335      90.8309       354484           Y
          123               90.8309        90.9215      91.1199       344224           Y
          124               91.1199        91.2103      91.2186        93498           Y
          125               91.2186        91.3091      91.3182        98178           Y
          126               91.3182        91.4087      91.4161        81998           Y
          127               91.4161        91.5066      92.6064      1510930           Y
          128               92.6064        92.6969      93.7253      1472128           Y
          129               93.7253        93.8157      94.6578      1218834           Y
          130               94.6578        94.7483       95.479      1009640           Y
          131                95.479        95.5695      96.1333       832688           Y
          132               96.1333        96.2237      96.9644      1026946           Y
          133               96.9644        97.0548      97.6158       835284           Y
          134               97.6158        97.7062      98.1734       674002           Y
          135               98.1734        98.2638      98.8311       842368           Y
          136               98.8311        98.9216      98.9249        33368           Y
