Segment_Index Rep_Level Decision_Point_Of_Time Case DelayCase
            0         0                2.15545    0         0
            1         2                2.53925    0         0
            2         2                3.37772    0         0
            3         2                3.74849    0         0
            4         2                  4.125    0         0
            5         2                4.41171    0         0
            6         2                4.69555    0         0
            7         2                4.88959    0         0
            8         2                5.08032    0         0
            9         2                5.27436    0         0
           10         2                5.46541    0         0
           11         2                5.66396    0         0
           12         2                5.85582    0         0
           13         2                 6.0427    0         0
           14         2                6.15254    0         0
           15         2                6.73646    0         0
           16         2                7.76095    0         0
           17         2                9.00884    0         0
           18         2                10.3336    0         0
           19         2                11.8195    0         0
           20         3                13.3236    0         0
           21         3                15.1787    0         0
           22         3                18.0592    0         0
           23         3                20.5058    0         0
           24         3                22.8433    0         0
           25         3                24.7502    0         0
           26         3                26.6447    0         0
           27         3                28.1799    0         0
           28         3                 29.735    0         0
           29         3                31.2162    0         0
           30         3                32.8602    0         0
           31         3                34.2777    0         0
           32         3                36.1067    0         0
