Segment_Index Playback_Start Quality_Level
            0        2.48435             0
            1        4.48435             2
            2        6.48435             2
            3        8.48435             2
            4        10.4843             2
            5        12.4843             2
            6        14.4843             2
            7        16.4843             2
            8        18.4843             2
            9        20.4843             2
           10        22.4843             2
           11        24.4843             2
           12        26.4843             2
           13        28.4843             2
           14        30.4843             2
           15        32.4843             2
           16        34.4843             2
           17        36.4843             2
