Segment_Index Playback_Start Quality_Level
            0        2.53925             0
            1        4.53925             2
            2        6.53925             2
            3        8.53925             2
            4        10.5393             2
            5        12.5393             2
            6        14.5393             2
            7        16.5393             2
            8        18.5393             2
            9        20.5393             2
           10        22.5393             2
           11        24.5393             2
           12        26.5393             2
           13        28.5393             2
           14        30.5393             2
           15        32.5393             2
           16        34.5393             2
           17        36.5393             2
