Segment_Index Download_Request_Sent Download_Start Download_End Segment_Size Download_OK
            0               2.15545        2.24829      2.53925         3128           Y
            1               2.53925        2.63007      3.37772       243212           Y
            2               3.37772        3.46822      3.74849       402968           Y
            3               3.74849        3.83893        4.125       457150           Y
            4                 4.125        4.21545      4.41171       347976           Y
            5               4.41171        4.50214      4.69555       312058           Y
            6               4.69555        4.78598      4.88959       231512           Y
            7               4.88959        4.98007      5.08032       171470           Y
            8               5.08032        5.17079      5.27436       222158           Y
            9               5.27436        5.36482      5.46541       192482           Y
           10               5.46541        5.55583      5.66396       213442           Y
           11               5.66396        5.75442      5.85582       184750           Y
           12               5.85582        5.94627       6.0427       163092           Y
           13               6.05289         6.1432      6.15254       101006           Y
           14               6.63521        6.72551      6.73646       118826           Y
           15               7.56741        7.65772      7.76095       208244           Y
           16               8.81119         8.9015      9.00884       226456           Y
           17               10.1345        10.2248      10.3336       242842           Y
           18               11.5405        11.6308      11.8195       275916           Y
           19               13.0351        13.1254      13.3236       268708           Y
           20               14.6255        14.7158      15.1787       634288           Y
           21               17.3015        17.3918      18.0592       986196           Y
           22               19.8537         19.944      20.5058       796780           Y
           23               22.1967         22.287      22.8433       776022           Y
           24               24.1944        24.2847      24.7502       649422           Y
           25               26.0926        26.1829      26.6447       632654           Y
           26               27.7065        27.7968      28.1799       610536           Y
           27               29.2579        29.3482       29.735       594824           Y
           28               30.7533        30.8436      31.2162       540494           Y
           29               32.3981        32.4884      32.8602       543780           Y
           30               33.9892        34.0795      34.2777       372834           Y
           31               35.7328        35.8231      36.1067       447436           Y
