Segment_Index Playback_Start Quality_Level
            0        2.51773             0
            1        4.51773             2
            2        6.51773             2
            3        8.51773             2
            4        10.5177             2
            5        12.5177             2
            6        14.5177             2
            7        16.5177             2
            8        18.5177             2
            9        20.5177             2
           10        22.5177             2
           11        24.5177             2
           12        26.5177             2
           13        28.5177             2
           14        30.5177             2
           15        32.5177             2
           16        34.5177             2
           17        36.5177             2
