Segment_Index Download_Request_Sent Download_Start Download_End Segment_Size Download_OK
            0               2.10148        2.19382      2.48435         3128           Y
            1               2.48435        2.57477      3.31095       243212           Y
            2               3.31095        3.40277      3.68113       402968           Y
            3               3.68113        3.77154      4.05811       457150           Y
            4               4.05811        4.14859      4.34328       347976           Y
            5               4.34328        4.43377      4.62746       312058           Y
            6               4.62746        4.71788      4.82105       231512           Y
            7               4.82105        4.91151      5.01037       171470           Y
            8               5.01037        5.10081      5.20499       222158           Y
            9               5.20499        5.29541      5.39387       192482           Y
           10               5.39387         5.4844      5.58676       213442           Y
           11               5.58676        5.67722      5.77625       184750           Y
           12               5.77625        5.86674       5.9686       163092           Y
           13               5.97136        6.06166      6.07081       101006           Y
           14               6.55198        6.64227      6.65705       118826           Y
           15               7.48293        7.57323      7.67802       208244           Y
           16               8.72597        8.81628      8.92343       226456           Y
           17                10.049        10.1393      10.2474       242842           Y
           18               11.4549        11.5452      11.7389       275916           Y
           19               12.9495        13.0401      13.2377       268708           Y
           20                 14.54        14.6303       15.104       634288           Y
           21               17.2163        17.3067      17.9899       986196           Y
           22               19.7687         19.859      20.4323       796780           Y
           23               22.1119        22.2022      22.7743       776022           Y
           24               24.1097           24.2      24.6712       649422           Y
           25               26.0081        26.0984      26.5674       632654           Y
           26               27.6221        27.7124       28.104       610536           Y
           27               29.1737         29.264      29.6541       594824           Y
           28               30.6691        30.7594       31.142       540494           Y
           29                32.314        32.4043      32.7864       543780           Y
           30               33.9052        33.9955      34.1965       372834           Y
           31               35.6489        35.7392      36.0321       447436           Y
