Segment_Index Rep_Level Decision_Point_Of_Time Case DelayCase
            0         0                2.13364    0         0
            1         2                2.51773    0         0
            2         2                3.35127    0         0
            3         2                3.72409    0         0
            4         2                4.10505    0         0
            5         2                4.39194    0         0
            6         2                 4.6765    0         0
            7         2                4.87352    0         0
            8         2                5.06063    0         0
            9         2                5.25432    0         0
           10         2                5.44389    0         0
           11         2                5.63628    0         0
           12         2                5.82692    0         0
           13         2                6.01361    0         0
           14         2                6.12581    0         0
           15         2                6.71065    0         0
           16         2                7.73584    0         0
           17         2                8.98987    0         0
           18         2                10.3063    0         0
           19         2                11.7967    0         0
           20         3                13.2996    0         0
           21         3                15.1543    0         0
           22         3                18.0422    0         0
           23         3                20.4877    0         0
           24         3                22.8215    0         0
           25         3                24.7277    0         0
           26         3                26.6263    0         0
           27         3                 28.167    0         0
           28         3                29.7106    0         0
           29         3                31.1987    0         0
           30         3                32.8464    0         0
           31         3                34.2604    0         0
           32         3                36.0919    0         0
