Segment_Index Rep_Level Decision_Point_Of_Time Case DelayCase
            0         0                2.10148    0         0
            1         2                2.48435    0         0
            2         2                3.31095    0         0
            3         2                3.68113    0         0
            4         2                4.05811    0         0
            5         2                4.34328    0         0
            6         2                4.62746    0         0
            7         2                4.82105    0         0
            8         2                5.01037    0         0
            9         2                5.20499    0         0
           10         2                5.39387    0         0
           11         2                5.58676    0         0
           12         2                5.77625    0         0
           13         2                 5.9686    0         0
           14         2                6.07081    0         0
           15         2                6.65705    0         0
           16         2                7.67802    0         0
           17         2                8.92343    0         0
           18         2                10.2474    0         0
           19         2                11.7389    0         0
           20         3                13.2377    0         0
           21         3                 15.104    0         0
           22         3                17.9899    0         0
           23         3                20.4323    0         0
           24         3                22.7743    0         0
           25         3                24.6712    0         0
           26         3                26.5674    0         0
           27         3                 28.104    0         0
           28         3                29.6541    0         0
           29         3                 31.142    0         0
           30         3                32.7864    0         0
           31         3                34.1965    0         0
           32         3                36.0321    0         0
