Segment_Index Download_Request_Sent Download_Start Download_End Segment_Size Download_OK
            0               2.13364        2.22637      2.51773         3128           Y
            1               2.51773         2.6084      3.35127       243212           Y
            2               3.35127        3.44173      3.72409       402968           Y
            3               3.72409        3.81454      4.10505       457150           Y
            4               4.10505         4.1955      4.39194       347976           Y
            5               4.39194        4.48238       4.6765       312058           Y
            6                4.6765        4.76704      4.87352       231512           Y
            7               4.87352        4.96398      5.06063       171470           Y
            8               5.06063        5.15107      5.25432       222158           Y
            9               5.25432        5.34478      5.44389       192482           Y
           10               5.44389        5.53432      5.63628       213442           Y
           11               5.63628        5.72677      5.82692       184750           Y
           12               5.82692        5.91744      6.01361       163092           Y
           13               6.02578        6.11608      6.12581       101006           Y
           14               6.60975        6.70005      6.71065       118826           Y
           15               7.54338        7.63368      7.73584       208244           Y
           16               8.78832        8.87862      8.98987       226456           Y
           17               10.1125        10.2028      10.3063       242842           Y
           18               11.5192        11.6095      11.7967       275916           Y
           19               13.0143        13.1046      13.2996       268708           Y
           20               14.6052        14.6955      15.1543       634288           Y
           21               17.2819        17.3722      18.0422       986196           Y
           22               19.8345        19.9248      20.4877       796780           Y
           23               22.1779        22.2682      22.8215       776022           Y
           24               24.1758        24.2661      24.7277       649422           Y
           25               26.0743        26.1646      26.6263       632654           Y
           26               27.6883        27.7786       28.167       610536           Y
           27                 29.24        29.3303      29.7106       594824           Y
           28               30.7355        30.8258      31.1987       540494           Y
           29               32.3805        32.4708      32.8464       543780           Y
           30               33.9717         34.062      34.2604       372834           Y
           31               35.7154        35.8057      36.0919       447436           Y
