Segment_Index Playback_Start Quality_Level
            0        2.48944             0
            1        4.48944             0
            2        6.48944             4
            3        8.48944             3
            4        10.4894             5
            5        12.4894             5
            6        14.4894             3
            7        16.4894             2
            8        18.4894             5
            9        20.4894             4
           10        22.4894             6
           11        24.4894             4
           12        26.4894             4
           13        28.4894             3
           14        30.4894             2
           15        32.4894             4
           16        34.4894             2
           17        36.4894             5
           18        38.4894             6
           19        40.4894             4
           20        42.4894             5
           21        44.4894             3
           22        46.4894             5
           23        48.4894             4
           24        50.4894             5
           25        52.4894             4
           26        54.4894             4
           27        56.4894             4
           28        58.4894             2
           29        60.4894             3
           30        62.4894             2
           31        64.4894             2
           32        66.4894             4
           33        68.4894             0
           34        70.4894             5
           35        72.4894             4
           36        74.4894             4
           37        76.4894             0
           38        78.4894             4
           39        80.4894             2
           40        82.4894             4
           41        84.4894             4
           42        86.4894             4
           43        88.4894             4
           44        90.4894             4
           45        92.4894             4
           46        94.4894             0
           47        96.4894             0
           48        98.4894             3
